00100110 10001100 00000000 00000000
11101000 00000000 00001110 00000000
11101000 00000001 00001110 00000000
11101000 00000010 00001110 00000000
11101000 00000011 00001110 00000000
01001000 00000000 00001110 00000111
01001000 00000001 00001110 00000110
00100010 00111000 00000000 00000001
11101000 00000001 00001110 00000000
11101000 00000000 00001110 00000000
11101000 00010000 00001110 00000000
00100110 00000100 00000000 00000000
00001000 00001110 00001110 00000010
00100110 01110100 00000000 00000000
00101001 01000100 00000001 00000001
00001000 00001101 00000000 00000000
00100110 01110100 00000000 00000000
00001010 00000010 00000001 00000001
00001110 00000011 00000001 00000001
11101000 00000000 00001110 00000000
11101000 00000011 00001110 00000000
11101000 00010000 00001110 00000000
00100110 00000100 00000000 00000000
00001000 00001110 00001110 00000010
00001111 00001101 00001101 00000001
00101000 01101100 00000010 00000001
00100110 01110100 00000000 00000000
00000000 00001101 00001101 00000000
00100110 01110100 00000000 00000000
11001000 00000011 00001110 00000001
11001000 00000010 00001110 00000001
11001000 00000001 00001110 00000001
11001000 00000000 00001110 00000001
11001000 00001111 00001110 00000001
10100110 00001111 00000000 00000000
00011000 00000000 00001101 00000000
00011000 00000001 00010011 00000000
11101000 00000000 00001110 00000000
11101000 00000001 00001110 00000000
11101000 00010000 00001110 00000000
00100110 00000100 00000000 00000000
